[[0.125      0.125      0.125      0.125      0.125      0.125
  0.125      0.125     ]
 [0.12496153 0.12491099 0.12511872 0.12481893 0.12486691 0.12531572
  0.12491994 0.12508726]
 [0.12495525 0.12490641 0.12507843 0.12482049 0.12475487 0.12541624
  0.12485542 0.12521287]
 [0.12501909 0.12503293 0.12483792 0.12502729 0.12480586 0.12512659
  0.12493265 0.12521768]
 [0.12507887 0.12506449 0.12486998 0.12507759 0.12505061 0.12487089
  0.1250598  0.12492778]
 [0.12499128 0.12495094 0.12519794 0.12489694 0.12499329 0.12509399
  0.12494556 0.12493008]
 [0.12507518 0.12503934 0.12505094 0.12498309 0.12500622 0.12493712
  0.12500559 0.12490253]
 [0.12502651 0.1249954  0.12484702 0.12496755 0.12478035 0.12528294
  0.12497526 0.12512496]]


GT: 
 [[0.026683, 0.046262], [0.026683, 0.046262], [0.026683, 0.046262], [0.026683, 0.046262], [0.026683, 0.046262], [0.026683, 0.046262], [0.026683, 0.046262], [0.026683, 0.046262], [0.026683, 0.046262], [0.026683, 0.046262], [0.026683, 0.046262], [0.026683, 0.046262]]

 Pred Traj: 
 [[-1.86302698  0.86339194]
 [ 0.73859239 -0.41130313]
 [ 1.8081305   0.47760707]
 [-0.51795268  0.08662813]
 [ 0.07507408  0.08743349]
 [ 0.00537918  0.1507    ]
 [-3.04284143 -0.47573256]
 [ 1.03404582 -0.3745155 ]
 [ 0.24936225 -0.83866185]
 [ 2.21398211  0.42473179]
 [-1.32501769 -1.41543794]
 [-0.44264823 -0.2731941 ]]
****************************************************
Batch =  0  Frame =  8039   euc_loss =  0.4187708799288319
fde_err =  [-0.46933123 -0.3194561 ]
****************************************************
GT: 
 [[0.25755, -1.3379], [0.23773, -1.3541], [-0.034667, -0.32083], [0.76919, -1.0919], [0.065816, -0.41721], [-0.034667, -0.32083], [-0.35904, -0.087726], [-0.29139, -1.2365], [-0.60886, -1.166], [-0.60886, -1.166], [-0.35904, -0.087726], [0.25755, -1.3379]]

 Pred Traj: 
 [[-0.63953137  0.34948817]
 [-0.76161903 -1.06698918]
 [ 0.89155078  0.34447533]
 [ 1.19232869 -0.83109516]
 [ 0.54676801  0.67901278]
 [ 0.63790947  1.29976153]
 [-0.24934426  0.20598869]
 [ 0.60787421 -0.37831369]
 [ 0.79810572  1.00546241]
 [ 2.10069537  0.28494996]
 [-0.19833428  0.88048953]
 [-0.6510573  -1.16958642]]
****************************************************
Batch =  0  Frame =  8039   euc_loss =  0.40450111646595516
fde_err =  [-0.9086073   0.16831358]
****************************************************
GT: 
 [[0.70566, 0.93718], [0.59327, 1.0285], [0.43702, 1.1032], [0.43314, 1.1129], [0.43702, 1.1032], [0.43702, 1.1032], [0.22204, 1.1491], [0.40595, 1.1807], [0.40595, 1.1807], [0.40595, 1.1807], [0.22204, 1.1491], [0.70566, 0.93718]]

 Pred Traj: 
 [[ 0.3486549  -0.05279151]
 [-1.54278624  0.47217232]
 [-0.43064767  0.01443444]
 [ 0.15914796 -1.29321516]
 [-1.61710191 -0.5107162 ]
 [-0.78989375  0.01285697]
 [-0.21587272 -1.23465443]
 [-0.55300689  0.81122518]
 [-0.81193703 -1.58753788]
 [ 1.88122594  0.1359731 ]
 [ 0.1352305   1.76120186]
 [-0.20346029 -0.9489606 ]]
****************************************************
Batch =  0  Frame =  8039   euc_loss =  0.5145719138823832
fde_err =  [-0.90912029 -1.8861406 ]
****************************************************
Frame 7895
Prediction took 13.470167636871338 seconds to complete

GT: 
 [[-0.24747, 1.7655], [-0.24747, 1.7655], [-0.24747, 1.7655], [-0.24747, 1.7655], [-0.24747, 1.7655], [-0.24747, 1.7655], [-0.24747, 1.7655], [-0.24747, 1.7655], [-0.24747, 1.7655], [-0.28495, 1.6431], [-0.24747, 1.7655], [-0.24747, 1.7655]]

 Pred Traj: 
 [[ 0.39444828 -1.02481461]
 [ 0.63863349 -0.63071465]
 [ 0.23810829  0.2632136 ]
 [-1.08747292 -0.87807631]
 [ 0.19720156 -1.33660555]
 [ 1.17846632  0.37702671]
 [ 0.75944662  0.78282839]
 [ 1.47581685  0.97323948]
 [-0.90533763 -0.6745137 ]
 [-1.83468401  0.78308153]
 [-1.24356449  0.39877084]
 [-1.18965113 -0.43663561]]

prediction direction: (0,−70) deg
gt (pixels): [y,x] [182,90]

****************************************************
Batch =  0  Frame =  7895   euc_loss =  0.5857893413817247
fde_err =  [-0.94218113 -2.20213561]
****************************************************
GT: 
 [[0.20982, -1.3636], [0.20982, -1.3636], [0.12916, -0.22547], [0.12916, -0.22547], [0.12916, -0.22547], [-0.0055307, 0.2473], [0.32289, -0.25638], [-0.11869, -1.2181], [-0.11869, -1.2181], [-0.11869, -1.2181], [-0.0055307, 0.2473], [0.20982, -1.3636]]

 Pred Traj: 
 [[ 0.45510176 -0.07935968]
 [-0.68898875 -0.83793598]
 [-0.10100999 -0.07922102]
 [ 1.74675643  1.973104  ]
 [-1.34440005 -0.8501398 ]
 [ 0.58462226 -0.62508947]
 [ 0.12470195 -1.56764793]
 [-0.68073785  1.07552254]
 [ 0.44482744 -0.99721366]
 [-0.52788246 -1.42679501]
 [ 0.17404746 -0.61030912]
 [-0.05409805  0.22162434]]
prediction direction: () deg
gt (pixels): [y,x] [136,90]
****************************************************
Batch =  0  Frame =  7895   euc_loss =  0.36070155020771816
fde_err =  [-0.26391805  1.58522434]
****************************************************
GT: 
 [[0.028534, 0.045852], [0.028534, 0.045852], [0.028534, 0.045852], [0.028534, 0.045852], [0.028534, 0.045852], [0.028534, 0.045852], [0.028534, 0.045852], [0.028534, 0.045852], [0.028534, 0.045852], [0.028534, 0.045852], [0.028534, 0.045852], [0.028534, 0.045852]]

 Pred Traj: 
 [[-0.57658821  0.83336341]
 [-0.19179086 -1.18739069]
 [-0.29157966 -1.54728341]
 [ 0.66430867  0.73596191]
 [-0.71218097  0.8206901 ]
 [-0.2455318  -0.9047001 ]
 [ 1.26843023 -0.04584591]
 [-0.53083944 -0.3189258 ]
 [-0.25680596 -0.65884918]
 [-1.47590852  1.47039759]
 [-1.37215292 -1.19966686]
 [ 0.75095296  0.13356353]]
****************************************************
Batch =  0  Frame =  7895   euc_loss =  0.27564042818344237
fde_err =  [0.72241896 0.08771153]
****************************************************
GT: 
 [[0.029388, 0.045945], [0.029388, 0.045945], [0.029388, 0.045945], [0.029388, 0.045945], [0.029388, 0.045945], [0.029388, 0.045945], [0.029388, 0.045945], [0.029388, 0.045945], [0.029388, 0.045945], [0.029388, 0.045945], [0.029388, 0.045945], [0.029388, 0.045945]]

 Pred Traj: 
 [[ 0.15965334  0.62523532]
 [-1.02720833  0.16563706]
 [-1.23779345 -0.82371253]
 [-0.92985094  1.79107654]
 [-1.59281969  0.60217065]
 [ 0.007246   -0.01551058]
 [ 0.24500476  0.79055154]
 [-0.81578511  0.7422269 ]
 [ 1.46595109  0.08281779]
 [-0.13698424 -1.26222456]
 [-1.34272349  0.55294192]
 [ 0.47875312  0.75274724]]
****************************************************
Batch =  0  Frame =  7895   euc_loss =  0.29137429863296693
fde_err =  [0.44936512 0.70680224]
****************************************************
GT: 
 [[0.029261, 0.045218], [0.029261, 0.045218], [0.029261, 0.045218], [0.029261, 0.045218], [0.029261, 0.045218], [0.029261, 0.045218], [0.029261, 0.045218], [0.029261, 0.045218], [0.029261, 0.045218], [0.029261, 0.045218], [0.029261, 0.045218], [0.029261, 0.045218]]

 Pred Traj: 
 [[-0.36611167 -0.61149418]
 [ 1.00570655  1.27336287]
 [ 0.40959221 -0.95522398]
 [-0.45076433 -0.31147859]
 [ 0.36460635 -0.05353033]
 [ 0.10173051 -0.96321708]
 [ 0.21341875  1.89149356]
 [ 0.2268497   1.56968367]
 [ 0.13217449  0.16161209]
 [ 0.89024103 -0.38572195]
 [-0.19459602 -1.25617146]
 [ 0.58282065 -0.00494116]]
****************************************************
Batch =  0  Frame =  7895   euc_loss =  0.28904869902412117
fde_err =  [ 0.55355965 -0.05015916]
****************************************************
GT: 
 [[0.026683, 0.046262], [0.026683, 0.046262], [0.026683, 0.046262], [0.026683, 0.046262], [0.026683, 0.046262], [0.026683, 0.046262], [0.026683, 0.046262], [0.026683, 0.046262], [0.026683, 0.046262], [0.026683, 0.046262], [0.026683, 0.046262], [0.026683, 0.046262]]

 Pred Traj: 
 [[ 0.42819872 -0.97511065]
 [ 1.28544104  0.51605242]
 [-0.60990274  1.4421283 ]
 [-0.10002346 -1.56768858]
 [ 1.10917139  0.10811634]
 [ 1.30517626 -0.23901188]
 [ 1.42309856 -0.08011582]
 [-0.14290863  0.62712401]
 [ 0.50289035 -0.08362523]
 [-0.12242603  0.04868599]
 [ 0.46602073  0.83230001]
 [ 1.34770668  0.97365642]]
****************************************************
Batch =  0  Frame =  7895   euc_loss =  0.2536256740894863
fde_err =  [1.32102368 0.92739442]
****************************************************
GT: 
 [[0.25755, -1.3379], [0.23773, -1.3541], [-0.034667, -0.32083], [0.76919, -1.0919], [0.065816, -0.41721], [-0.034667, -0.32083], [-0.35904, -0.087726], [-0.29139, -1.2365], [-0.60886, -1.166], [-0.60886, -1.166], [-0.35904, -0.087726], [0.25755, -1.3379]]

 Pred Traj: 
 [[-0.78148115  0.86711079]
 [-0.84817433 -1.9821341 ]
 [ 1.65805364  0.33433032]
 [ 1.74167752 -0.93683958]
 [-1.04714644 -0.11641784]
 [-0.38861018 -0.96848989]
 [-0.25000075  0.24892351]
 [ 1.4167707  -0.13963646]
 [ 1.37424135  0.92631465]
 [ 1.70303154 -1.20892775]
 [-0.05483479 -0.47840676]
 [-0.86160511  1.79596531]]
****************************************************
Batch =  0  Frame =  7895   euc_loss =  0.4028605811495698
fde_err =  [-1.11915511  3.13386531]
****************************************************
GT: 
 [[0.70566, 0.93718], [0.59327, 1.0285], [0.43702, 1.1032], [0.43314, 1.1129], [0.43702, 1.1032], [0.43702, 1.1032], [0.22204, 1.1491], [0.40595, 1.1807], [0.40595, 1.1807], [0.40595, 1.1807], [0.22204, 1.1491], [0.70566, 0.93718]]

 Pred Traj: 
 [[ 0.36962247  1.05034769]
 [ 0.94272512  1.31472206]
 [ 0.72275972  3.69781351]
 [ 0.68334132 -0.51254976]
 [ 0.10581855 -0.35405272]
 [ 0.4594011   0.99509937]
 [ 0.14078592  0.87196577]
 [-0.81916785 -0.17238621]
 [-0.88487864 -2.96049905]
 [ 0.97562778 -0.15526441]
 [-1.47454405  0.09759707]
 [ 0.52085984 -0.08097558]]
****************************************************
Batch =  0  Frame =  7895   euc_loss =  0.5090770433524268
fde_err =  [-0.18480016 -1.01815558]
****************************************************

