0,0,3.017827272415161,0.5050926208496094
0,0,1.8204841613769531,0.5329246520996094
0,0,1.827042579650879,0.5535926818847656
0,0,1.8521244525909424,0.5672760009765625
0,0,1.8929650783538818,0.5879287719726562
0,0,1.8970537185668945,0.6078147888183594
0,0,1.9240078926086426,0.6281242370605469
0,0,1.8769655227661133,0.6486244201660156
0,1,2.5778045654296875,0.7288284301757812
0,1,2.29087233543396,0.7373886108398438
0,1,2.350675582885742,0.7500038146972656
0,1,2.3233935832977295,0.7632369995117188
0,1,2.3965954780578613,0.78387451171875
0,1,2.399505615234375,0.7970657348632812
0,1,2.417313814163208,0.8104095458984375
0,1,2.417320489883423,0.8234672546386719
0,2,2.9875612258911133,0.9063491821289062
0,2,2.8440051078796387,0.9146575927734375
0,2,2.8687634468078613,0.922943115234375
0,2,2.8721389770507812,0.9314956665039062
0,2,2.948751211166382,0.9428215026855469
0,2,2.9570751190185547,0.9561347961425781
0,2,3.005082368850708,0.9696311950683594
0,2,2.990062713623047,0.9827232360839844
0,3,3.663430690765381,1.050933837890625
0,3,3.4125733375549316,1.0640754699707031
0,3,3.4310481548309326,1.0772933959960938
0,3,3.447326183319092,1.0908889770507812
0,3,3.513731002807617,1.1039810180664062
0,3,3.561469793319702,1.1159400939941406
0,3,3.60677433013916,1.1312980651855469
0,3,3.584944009780884,1.1447715759277344
0,4,4.341792106628418,1.2256050109863281
0,4,4.018435955047607,1.2339134216308594
0,4,3.9861137866973877,1.2423667907714844
0,4,4.011320114135742,1.2551956176757812
0,4,4.078285455703735,1.2652664184570312
0,4,4.1051836013793945,1.276397705078125
0,4,4.147542238235474,1.291778564453125
0,4,4.126070499420166,1.3051223754882812
0,5,4.90917444229126,1.39227294921875
0,5,4.517220497131348,1.4007606506347656
0,5,4.589518785476685,1.4093208312988281
0,5,4.585606336593628,1.4178733825683594
0,5,4.67650294303894,1.4317169189453125
0,5,4.671971082687378,1.4400367736816406
0,5,4.729620695114136,1.4558944702148438
0,5,4.6901164054870605,1.4689865112304688
0,6,5.821032762527466,1.5994644165039062
0,6,5.232709884643555,1.6102828979492188
0,6,5.307921409606934,1.6165122985839844
0,6,5.2929527759552,1.6250648498535156
0,6,5.420798301696777,1.6331214904785156
0,6,5.285837411880493,1.6439361572265625
0,6,5.343517541885376,1.652740478515625
0,6,5.393361806869507,1.6683921813964844
0,7,6.302337884902954,1.7384834289550781
0,7,5.740106582641602,1.747314453125
0,7,5.845602035522461,1.75537109375
0,7,5.839468955993652,1.7593612670898438
0,7,5.874267339706421,1.7699928283691406
0,7,5.853849411010742,1.7783012390136719
0,7,5.967958688735962,1.7941131591796875
0,7,5.94537615776062,1.8026695251464844
0,8,7.0254905223846436,1.9006156921386719
0,8,6.302602052688599,1.9092483520507812
0,8,6.478707551956177,1.9178009033203125
0,8,6.420823097229004,1.9266090393066406
0,8,6.508962631225586,1.9347686767578125
0,8,6.445789813995361,1.9433174133300781
0,8,6.510279417037964,1.9518699645996094
0,8,6.476190567016602,1.968231201171875
0,9,7.633441209793091,2.0335769653320312
0,9,6.951879262924194,2.0515823364257812
0,9,7.059023141860962,2.0623931884765625
0,9,6.920591354370117,2.0707015991210938
0,9,7.095067501068115,2.0850982666015625
0,9,7.018090009689331,2.0988121032714844
0,9,7.118989706039429,2.1095542907714844
0,9,7.094543218612671,2.1202392578125
0,10,8.351187944412231,2.1965484619140625
0,10,7.544247627258301,2.2109031677246094
0,10,7.682982444763184,2.2193145751953125
0,10,7.562543153762817,2.2301368713378906
0,10,7.726310729980469,2.245166778564453
0,10,7.665009498596191,2.2583770751953125
0,10,7.754256010055542,2.2717742919921875
0,10,7.6706390380859375,2.285717010498047
0,11,9.193460702896118,2.463428497314453
0,11,8.266952276229858,2.471729278564453
0,11,8.37917685508728,2.480030059814453
0,11,8.278485774993896,2.4883384704589844
0,11,8.414201974868774,2.4968948364257812
0,11,8.338265895843506,2.5051918029785156
0,11,8.512317657470703,2.513996124267578
0,11,8.312164783477783,2.522552490234375
0,12,9.721760511398315,2.627422332763672
0,12,8.72057032585144,2.635730743408203
0,12,8.892777442932129,2.6442909240722656
0,12,8.762162446975708,2.652599334716797
0,12,8.90060305595398,2.660655975341797
0,12,8.878942012786865,2.669189453125
0,12,8.990425109863281,2.6777420043945312
0,12,8.914960622787476,2.686298370361328
0,13,10.384884119033813,2.7034530639648438
0,13,9.331003665924072,2.712005615234375
0,13,9.585638523101807,2.720561981201172
0,13,9.436145544052124,2.7291221618652344
0,13,9.63898253440857,2.750965118408203
0,13,9.58175539970398,2.75933837890625
0,13,9.704282283782959,2.767894744873047
0,13,9.620883464813232,2.778278350830078
0,14,11.325626611709595,2.9614944458007812
0,14,9.982293605804443,2.967926025390625
0,14,10.275299549102783,2.9762306213378906
0,14,10.143123865127563,2.98309326171875
0,14,10.300904273986816,2.993663787841797
0,14,10.180837154388428,3.0007781982421875
0,14,10.271305084228516,3.010845184326172
0,14,10.345142602920532,3.0208168029785156
0,15,11.850874662399292,3.1263351440429688
0,15,10.569427728652954,3.132465362548828
0,15,10.738034963607788,3.141277313232422
0,15,10.627216577529907,3.149585723876953
0,15,10.845016241073608,3.157642364501953
0,15,10.70598030090332,3.166454315185547
0,15,10.961173057556152,3.1732826232910156
0,15,10.8108971118927,3.182403564453125
0,16,12.708757162094116,3.307849884033203
0,16,11.276329755783081,3.3164634704589844
0,16,11.532611608505249,3.3250198364257812
0,16,11.355914831161499,3.3353271484375
0,16,11.629281759262085,3.3453941345214844
0,16,11.443923234939575,3.3539466857910156
0,16,11.813800811767578,3.362499237060547
0,16,11.559521675109863,3.371051788330078
0,17,13.370007514953613,3.4785232543945312
0,17,11.942384719848633,3.486827850341797
0,17,12.180709600448608,3.495136260986328
0,17,12.024442195892334,3.5034255981445312
0,17,12.261297464370728,3.5117340087890625
0,17,12.13929295539856,3.5202865600585938
0,17,12.228019714355469,3.528839111328125
0,17,12.103621482849121,3.537139892578125
0,18,14.085813760757446,3.5719261169433594
0,18,12.551595211029053,3.5804824829101562
0,18,12.878501892089844,3.5890426635742188
0,18,12.760059118270874,3.5951919555664062
0,18,12.84406328201294,3.605762481689453
0,18,12.642042398452759,3.6143226623535156
0,18,13.015978574752808,3.622882843017578
0,18,12.846788883209229,3.6311912536621094
0,19,14.950844764709473,3.823841094970703
0,19,13.296861171722412,3.8323974609375
0,19,13.497191667556763,3.8412094116210938
0,19,13.320890188217163,3.847820281982422
0,19,13.566511869430542,3.8563804626464844
0,19,13.40250563621521,3.8659400939941406
0,19,13.543788194656372,3.8741226196289062
0,19,13.350951433181763,3.8826751708984375
0,20,15.623785018920898,3.899341583251953
0,20,13.880225658416748,3.9094009399414062
0,20,14.174425601959229,3.917957305908203
0,20,13.943475484848022,3.9262657165527344
0,20,14.203473329544067,3.934814453125
0,20,14.100480318069458,3.9431190490722656
0,20,14.28601622581482,3.9519309997558594
0,20,14.12388014793396,3.9599876403808594
0,21,16.743096590042114,4.257205963134766
0,21,14.960257768630981,4.267768859863281
0,21,15.12738823890686,4.276576995849609
0,21,14.92056918144226,4.284633636474609
0,21,15.226716756820679,4.293182373046875
0,21,15.082157135009766,4.298465728759766
0,21,15.262386560440063,4.307014465332031
0,21,15.01520848274231,4.315071105957031
0,22,17.665536165237427,4.298702239990234
0,22,15.599821090698242,4.306060791015625
0,22,15.925322532653809,4.314609527587891
0,22,15.676210165023804,4.323921203613281
0,22,15.957854509353638,4.3324737548828125
0,22,15.720975875854492,4.339328765869141
0,22,15.885977745056152,4.347881317138672
0,22,15.857895135879517,4.355236053466797
0,23,18.364490270614624,4.560585021972656
0,23,16.276150226593018,4.569004058837891
0,23,17.28828716278076,4.578815460205078
0,23,16.411874532699585,4.587123870849609
0,23,16.7196147441864,4.597442626953125
0,23,16.435287475585938,4.60650634765625
0,23,16.741114139556885,4.613620758056641
0,23,16.60308814048767,4.621929168701172
0,24,19.41866111755371,4.641059875488281
0,24,17.157836437225342,4.649360656738281
0,24,17.538803577423096,4.657665252685547
0,24,17.255826711654663,4.664527893066406
0,24,17.57402515411377,4.6728363037109375
0,24,17.3365159034729,4.682903289794922
0,24,17.865344047546387,4.691211700439453
0,24,17.485064268112183,4.699771881103516
0,25,20.36563539505005,4.9291229248046875
0,25,18.118428945541382,4.93768310546875
0,25,18.47209095954895,4.946189880371094
0,25,18.080344200134277,4.954742431640625
0,25,18.436805725097656,4.963294982910156
0,25,18.257385730743408,4.972328186035156
0,25,18.75882911682129,4.980384826660156
0,25,18.22501254081726,4.9889373779296875
0,26,21.50267720222473,5.015777587890625
0,26,19.251349687576294,5.024333953857422
0,26,19.454243183135986,5.032894134521484
0,26,19.386407613754272,5.041095733642578
0,26,20.00966763496399,5.049648284912109
0,26,19.388689279556274,5.058204650878906
0,26,19.726629734039307,5.0665130615234375
0,26,19.401942253112793,5.071788787841797
0,27,22.41314721107483,5.180233001708984
0,27,20.379610300064087,5.188289642333984
0,27,20.062653064727783,5.196849822998047
0,27,20.466829299926758,5.205158233642578
0,27,20.157447814941406,5.213558197021484
0,27,20.550065755844116,5.221858978271484
0,27,20.32911729812622,5.228717803955078
0,27,20.619358777999878,5.237277984619141
0,28,23.541878700256348,5.258087158203125
0,28,20.937814950942993,5.266643524169922
0,28,21.251017093658447,5.275203704833984
0,28,20.8734712600708,5.2834930419921875
0,28,21.18600630760193,5.292362213134766
0,28,20.866892337799072,5.3009185791015625
0,28,21.223398208618164,5.310218811035156
0,28,20.956528902053833,5.318775177001953
0,29,24.06250762939453,5.656154632568359
0,29,21.761296033859253,5.660678863525391
0,29,21.555054664611816,5.668037414550781
0,29,22.092416286468506,5.677589416503906
0,29,21.83278512954712,5.685646057128906
0,29,22.20573091506958,5.6972808837890625
0,29,21.816546201705933,5.7055816650390625
0,29,22.346577405929565,5.714885711669922
0,30,25.40635585784912,5.832462310791016
0,30,22.4118013381958,5.840763092041016
0,30,22.76662039756775,5.8493194580078125
0,30,22.61689567565918,5.857627868652344
0,30,23.013415098190308,5.8664398193359375
0,30,22.793861865997314,5.874729156494141
0,30,22.982248544692993,5.8818359375
0,30,22.834696292877197,5.891651153564453
0,31,26.327564477920532,6.0342864990234375
0,31,23.76077914237976,6.0423431396484375
0,31,23.42294430732727,6.050895690917969
0,31,23.77374839782715,6.0594482421875
0,31,23.672893285751343,6.068004608154297
0,31,24.135611295700073,6.076313018798828
0,31,23.835798025131226,6.084861755371094
0,31,24.17800545692444,6.093166351318359
0,32,27.535703897476196,6.1042022705078125
