0,0,3.1673171520233154,0.4884910583496094
0,0,2.2279739379882812,0.5191879272460938
0,0,2.310671329498291,0.5570716857910156
0,0,2.3511831760406494,0.5866851806640625
0,0,2.471222162246704,0.6168899536132812
0,0,2.5087249279022217,0.6468391418457031
0,0,2.637953996658325,0.6774368286132812
0,0,2.714528799057007,0.7008514404296875
0,1,3.0936996936798096,0.75006103515625
0,1,3.0524113178253174,0.7732276916503906
0,1,3.1210973262786865,0.7958831787109375
0,1,3.2328648567199707,0.8223648071289062
0,1,3.3240909576416016,0.8457298278808594
0,1,3.444688081741333,0.8688163757324219
0,1,3.4795470237731934,0.8914756774902344
0,1,3.57842755317688,0.9143867492675781
0,2,4.159379243850708,0.9543838500976562
0,2,4.0912017822265625,0.9770393371582031
0,2,4.189329624176025,1.0002021789550781
0,2,4.264323472976685,1.0236015319824219
0,2,4.3309807777404785,1.0465126037597656
0,2,4.3910887241363525,1.0689201354980469
0,2,4.510140895843506,1.0919113159179688
0,2,4.608363151550293,1.1154060363769531
0,3,5.23856782913208,1.1625785827636719
0,3,5.0861804485321045,1.1854972839355469
0,3,5.173779249191284,1.2086219787597656
0,3,5.267420291900635,1.2318000793457031
0,3,5.353280305862427,1.2547798156738281
0,3,5.45490026473999,1.2778663635253906
0,3,5.499596118927002,1.3005943298339844
0,3,5.574421167373657,1.3236122131347656
0,4,6.360071182250977,1.3652763366699219
0,4,6.300276279449463,1.3886909484863281
0,4,6.401227712631226,1.4118881225585938
0,4,6.546726226806641,1.4347877502441406
0,4,6.584223508834839,1.4574432373046875
0,4,6.638511657714844,1.4809379577636719
0,4,6.779625177383423,1.5035629272460938
0,4,6.858396291732788,1.5266685485839844
0,5,7.048381090164185,1.5717277526855469
0,5,6.801675081253052,1.5921249389648438
0,5,6.854033946990967,1.6172637939453125
0,5,6.9435036182403564,1.6404457092285156
0,5,7.1507346630096436,1.6633644104003906
0,5,7.126852035522461,1.6867790222167969
0,5,7.1911399364471436,1.7098960876464844
0,5,7.243221998214722,1.7332572937011719
0,6,8.070420742034912,1.8023223876953125
0,6,7.820252418518066,1.8173789978027344
0,6,7.89124870300293,1.8402900695800781
0,6,7.917309761047363,1.8635139465332031
0,6,8.143697738647461,1.8842926025390625
0,6,8.116505861282349,1.9039344787597656
0,6,8.289199113845825,1.9295539855957031
0,6,8.29230284690857,1.9523048400878906
0,7,9.239037990570068,2.0072975158691406
0,7,8.741599798202515,2.020641326904297
0,7,8.950116872787476,2.0413818359375
0,7,9.034244060516357,2.064586639404297
0,7,9.123606443405151,2.0876007080078125
0,7,9.196112871170044,2.1109657287597656
0,7,9.377070426940918,2.1338768005371094
0,7,9.576522588729858,2.156810760498047
0,8,10.2246835231781,2.2146339416503906
0,8,9.855742931365967,2.224475860595703
0,8,9.991840839385986,2.247386932373047
0,8,10.03728199005127,2.2708511352539062
0,8,10.244614124298096,2.2916030883789062
0,8,10.419517278671265,2.3149452209472656
0,8,10.358815431594849,2.335254669189453
0,8,10.49590015411377,2.3582611083984375
0,9,11.387702941894531,2.403339385986328
0,9,11.08477258682251,2.4289588928222656
0,9,11.10592246055603,2.4518814086914062
0,9,11.242448806762695,2.4747848510742188
0,9,11.41890835762024,2.4981765747070312
0,9,11.440320491790771,2.518932342529297
0,9,11.548740148544312,2.5420799255371094
0,9,11.757533311843872,2.5675048828125
0,10,12.55354118347168,2.6167144775390625
0,10,12.170054197311401,2.637786865234375
0,10,12.347222805023193,2.6632003784179688
0,10,12.434391498565674,2.6867332458496094
0,10,12.519554138183594,2.70928955078125
0,10,12.648319959640503,2.7322959899902344
0,10,12.749867677688599,2.7554893493652344
0,10,12.824524164199829,2.778423309326172
0,11,14.105968236923218,2.870189666748047
0,11,13.583022356033325,2.878986358642578
0,11,13.705065727233887,2.8926963806152344
0,11,13.822584629058838,2.9132003784179688
0,11,14.036403179168701,2.9365615844726562
0,11,14.177152395248413,2.9594078063964844
0,11,14.298487424850464,2.982471466064453
0,11,14.413222551345825,3.0058555603027344
0,12,15.459938287734985,3.083221435546875
0,12,14.990453243255615,3.092029571533203
0,12,15.099874019622803,3.1005783081054688
0,12,15.235748291015625,3.121967315673828
0,12,15.300037384033203,3.145313262939453
0,12,15.290716171264648,3.1683273315429688
0,12,15.601841926574707,3.1890792846679688
0,12,15.610887289047241,3.209716796875
0,13,16.808980226516724,3.2915573120117188
0,13,16.194336652755737,3.3023757934570312
0,13,16.547809600830078,3.3111724853515625
0,13,16.63378643989563,3.3283424377441406
0,13,16.57597327232361,3.3514862060546875
0,13,16.72394299507141,3.374500274658203
0,13,16.77748727798462,3.3977432250976562
0,13,16.92707109451294,3.4208526611328125
0,14,18.454501152038574,3.469615936279297
0,14,17.7321617603302,3.492645263671875
0,14,17.938436031341553,3.5182647705078125
0,14,18.280302047729492,3.54150390625
0,14,18.07480502128601,3.5592041015625
0,14,18.08759069442749,3.5821571350097656
0,14,18.32662010192871,3.6069602966308594
0,14,18.402752161026,3.627532958984375
0,15,19.88280963897705,3.69378662109375
0,15,19.18946361541748,3.7103843688964844
0,15,19.31339168548584,3.7264137268066406
0,15,19.431647062301636,3.74951171875
0,15,19.650668621063232,3.7701454162597656
0,15,19.652833223342896,3.7958221435546875
0,15,19.85458278656006,3.8187179565429688
0,15,19.82697892189026,3.8422775268554688
0,16,21.955056190490723,3.9179344177246094
0,16,20.902142763137817,3.9412460327148438
0,16,21.152263164520264,3.9640159606933594
0,16,21.275434494018555,3.987293243408203
0,16,21.40129804611206,4.010578155517578
0,16,21.485783576965332,4.0340118408203125
0,16,21.73550248146057,4.05767822265625
0,16,21.691752195358276,4.080543518066406
0,17,23.48910880088806,4.1299896240234375
0,17,22.374312162399292,4.151882171630859
0,17,22.5805025100708,4.175045013427734
0,17,22.834566831588745,4.196006774902344
0,17,22.91738772392273,4.21905517578125
0,17,23.14943027496338,4.242218017578125
0,17,23.01652216911316,4.265445709228516
0,17,22.917386054992676,4.288505554199219
0,18,24.640365839004517,4.356746673583984
0,18,23.82118844985962,4.367313385009766
0,18,23.817715167999268,4.381519317626953
0,18,24.01307201385498,4.3997802734375
0,18,24.150075912475586,4.419410705566406
0,18,24.352511882781982,4.442070007324219
0,18,24.44388508796692,4.4649810791015625
0,18,24.314862966537476,4.4868011474609375
0,19,26.029252290725708,4.551357269287109
0,19,25.352101802825928,4.559917449951172
0,19,25.252339839935303,4.576957702636719
0,19,25.312554836273193,4.601383209228516
0,19,25.438298225402832,4.625049591064453
0,19,25.459309577941895,4.647930145263672
0,19,25.5066659450531,4.671184539794922
0,19,25.79355001449585,4.693981170654297
0,20,27.27208185195923,4.760776519775391
0,20,26.02513098716736,4.769321441650391
0,20,26.181395292282104,4.787445068359375
0,20,26.439809322357178,4.803478240966797
0,20,26.311840295791626,4.826137542724609
0,20,26.488402843475342,4.849372863769531
0,20,26.812407732009888,4.872032165527344
0,20,26.847952127456665,4.895580291748047
0,21,28.886077165603638,4.972515106201172
0,21,27.66040873527527,4.9876251220703125
0,21,27.677881002426147,5.012660980224609
0,21,27.9573872089386,5.035823822021484
0,21,28.219938278198242,5.058872222900391
0,21,28.30480647087097,5.081550598144531
0,21,28.441286087036133,5.104713439941406
0,21,28.678415060043335,5.129444122314453
0,22,30.1934654712677,5.246864318847656
0,22,28.955549240112305,5.25567626953125
0,22,29.007824897766113,5.264488220214844
0,22,29.201253652572632,5.270008087158203
0,22,29.159628868103027,5.278560638427734
0,22,29.440444946289062,5.287361145019531
0,22,29.55058717727661,5.305995941162109
0,22,29.60980200767517,5.328907012939453
0,23,31.03583526611328,5.3984375
0,23,29.859355688095093,5.4069976806640625
0,23,29.98425269126892,5.415775299072266
0,23,30.053216457366943,5.436359405517578
0,23,30.114664554595947,5.458774566650391
0,23,30.247985363006592,5.481685638427734
0,23,30.333049774169922,5.504802703857422
0,23,30.634509325027466,5.528099060058594
0,24,32.33988952636719,5.597499847412109
0,24,30.91063356399536,5.6058807373046875
0,24,31.74596858024597,5.614185333251953
0,24,31.231923818588257,5.635066986083984
0,24,31.61152195930481,5.654518127441406
0,24,31.392310619354248,5.676353454589844
0,24,31.587282180786133,5.7016448974609375
0,24,31.682973384857178,5.722572326660156
0,25,33.4006826877594,5.844501495361328
0,25,32.14820218086243,5.853057861328125
0,25,32.30826950073242,5.863613128662109
0,25,32.08331370353699,5.872661590576172
0,25,32.13930010795593,5.880962371826172
0,25,32.190367221832275,5.889759063720703
0,25,32.50930857658386,5.909141540527344
0,25,32.852593421936035,5.922737121582031
0,26,34.535470724105835,6.120876312255859
0,26,33.23464560508728,6.129177093505859
0,26,33.55028820037842,6.137722015380859
0,26,33.90969371795654,6.147777557373047
0,26,33.40094995498657,6.154869079589844
0,26,33.69780373573303,6.163669586181641
0,26,33.81821894645691,6.171966552734375
0,26,34.10398507118225,6.180522918701172
0,27,35.702173471450806,6.283084869384766
0,27,34.16682195663452,6.291633605957031
0,27,34.54031181335449,6.301937103271484
0,27,34.540679931640625,6.309284210205078
0,27,34.78191661834717,6.317588806152344
0,27,35.07270574569702,6.324115753173828
0,27,34.9626305103302,6.332664489746094
0,27,35.30015850067139,6.3531494140625
0,28,36.997437953948975,6.4272918701171875
0,28,35.464168548583984,6.436126708984375
0,28,35.715309858322144,6.4451751708984375
0,28,35.96924066543579,6.466564178466797
0,28,35.8965950012207,6.4757537841796875
0,28,35.791239500045776,6.500999450683594
0,28,35.95014238357544,6.5237274169921875
0,28,36.02057456970215,6.548057556152344
0,29,38.529847383499146,6.598438262939453
0,29,37.20973563194275,6.611042022705078
0,29,37.02953338623047,6.6346893310546875
0,29,37.01063513755798,6.6576995849609375
0,29,37.030049085617065,6.680644989013672
0,29,37.088212966918945,6.703304290771484
0,29,37.28230118751526,6.726463317871094
0,29,37.27906036376953,6.749603271484375
0,30,39.48066520690918,6.840213775634766
0,30,37.995380878448486,6.8489990234375
0,30,38.05946493148804,6.857795715332031
0,30,38.40573287010193,6.866603851318359
0,30,38.073885440826416,6.888950347900391
0,30,38.2906539440155,6.910770416259766
0,30,38.62148714065552,6.933849334716797
0,30,38.659363985061646,6.9569854736328125
0,31,41.65423560142517,7.091156005859375
0,31,40.01784324645996,7.1002044677734375
0,31,40.277015686035156,7.105228424072266
0,31,40.11439323425293,7.113773345947266
0,31,40.27839684486389,7.129035949707031
0,31,40.603081464767456,7.152683258056641
0,31,40.311235666275024,7.175323486328125
0,31,40.55930709838867,7.1988677978515625
0,32,43.16894578933716,7.2994537353515625
